150
200
120
180
250
300
100
220
170
280
90
320
140
260
190
230
110
270
130
210
160
240
350
80
310
340
290
330
360
70
380
400
370
390
420
410
440
430
460
450
480
470
500
490
520
510
540
530
560
550
580
570
600
590
620
610
640
630
660
650
680
670
700
690
720
710
740
730
760
750
780
770
800
790
820
810
840
830
860
850
880
870
900
890
920
910
940
930
960
950
980
970
1000
60
50
1050
1020
1080
1040
1100
1060
1120
1140
1150
1180
1160
1200
1220
1240
1250
1280
1260
1300
1320
1340
1350
1380
1360
1400
1420
1440
1450
1480
1460
1500
1520
1540
1550
1580
1560
1600
1620
1640
1650
1680
1660
1700
1720
1740
1750
1780
1760
1800
1820
1840
1850
1880
1860
1900
1920
1940
1950
1980
1960
2000
2020
2040
2050
2080
2060
2100
2120
2140
2150
2180
2160
2200
2220
2240
2250
2280
2260
2300
2320
2340
2350
2380
2360
2400
2420
2440
2450
2480
2460
2500
2520
2540
2550
2580
2560
2600
2620
2640
2650
2680
2660
2700
2720
2740
2750
2780
2760
2800
2820
2840
2850
2880
2860
2900
2920
2940
2950
2980
2960
3000
3020
3040
3050
3080
3060
3100
3120
3140
3150
3180
3160
3200
3220
3240
3250
3280
3260
3300
3320
3340
3350
3380
3360
3400
3420
3440
3450
3480
3460
3500
3520
3540
3550
3580
3560
3600
3620
3640
3650
3680
3660
3700
3720
3740
3750
3780
3760
3800
3820
3840
3850
3880
3860
3900
3920
3940
3950
3980
3960
4000
4020
4040
4050
4080
4060
4100
4120
4140
4150
4180
4160
4200
4220
4240
4250
4280
4260
4300
4320
4340
4350
4380
4360
4400
4420
4440
4450
4480
4460
4500
4520
4540
4550
4580
4560
4600
4620
4640
4650
4680
4660
4700
4720
4740
4750
4780
4760
4800
4820
4840
4850
4880
4860
4900
4920
4940
4950
4980
4960
5000
150
200
120
180
250
300
100
220
170
280
90
320
140
260
190
230
110
270
130
210
160
240
350
80
310
340
290
330
360
70
380
400
370
390
420
410
440
430
460
450
480
470
500
490
520
510
540
530
560
550
580
570
600
590
620
610
640
630
660
650
680
670
700
690
720
710
740
730
760
750
780
770
800
790
820
810
840
830
860
850
880
870
900
890
920
910
940
930
960
950
980
970
1000
60
50
1050
1020
1080
1040
1100
1060
1120
1140
1150
1180
1160
1200
1220
1240
1250
1280
1260
1300
1320
1340
1350
1380
1360
1400
1420
1440
1450
1480
1460
1500
1520
1540
1550
1580
1560
1600
1620
1640
1650
1680
1660
1700
1720
1740
1750
1780
1760
1800
1820
1840
1850
1880
1860
1900
1920
1940
1950
1980
1960
2000
2020
2040
2050
2080
2060
2100
2120
2140
2150
2180
2160
2200
2220
2240
2250
2280
2260
2300
2320
2340
2350
2380
2360
2400
2420
2440
2450
2480
2460
2500
2520
2540
2550
2580
2560
2600
2620
2640
2650
2680
2660
2700
2720
2740
2750
2780
2760
2800
2820
2840
2850
2880
2860
2900
2920
2940
2950
2980
2960
3000
3020
3040
3050
3080
3060
3100
3120
3140
3150
3180
3160
3200
3220
3240
3250
3280
3260
3300
3320
3340
3350
3380
3360
3400
3420
3440
3450
3480
3460
3500
3520
3540
3550
3580
3560
3600
3620
3640
3650
3680
3660
3700
3720
3740
3750
3780
3760
3800
3820
3840
3850
3880
3860
3900
3920
3940
3950
3980
3960
4000
4020
4040
4050
4080
4060
4100
4120
4140
4150
4180
4160
4200
4220
4240
4250
4280
4260
4300
4320
4340
4350
4380
4360
4400
4420
4440
4450
4480
4460
4500
4520
4540
4550
4580
4560
4600
4620
4640
4650
4680
4660
4700
4720
4740
4750
4780
4760
4800
4820
4840
4850
4880
4860
4900
4920
4940
4950
4980
4960
5000
150
200
120
180
250
300
100
220
170
280
90
320
140
260
190
230
110
270
130
210
160
240
350
80
310
340
290
330
360
70
380
400
370
390
420
410
440
430
460
450
480
470
500
490
520
510
540
530
560
550
580
570
600
590
620
610
640
630
660
650
680
670
700
690
720
710
740
730
760
750
780
770
800
790
820
810
840
830
860
850
880
870
900
890
920
910
940
930
960
950
980
970
1000
60
50
1050
1020
1080
1040
1100
1060
1120
1140
1150
1180
1160
1200
1220
1240
1250
1280
1260
1300
1320
1340
1350
1380
1360
1400
1420
1440
1450
1480
1460
1500
1520
1540
1550
1580
1560
1600
1620
1640
1650
1680
1660
1700
1720
1740
1750
1780
1760
1800
1820
1840
1850
1880
1860
1900
1920
1940
1950
1980
1960
2000
2020
2040
2050
2080
2060
2100
2120
2140
2150
2180
2160
2200
2220
2240
2250
2280
2260
2300
2320
2340
2350
2380
2360
2400
2420
2440
2450
2480
2460
2500
2520
2540
2550
2580
2560
2600
2620
2640
2650
2680
2660
2700
2720
2740
2750
2780
2760
2800
2820
2840
2850
2880
2860
2900
2920
2940
2950
2980
2960
3000
3020
3040
3050
3080
3060
3100
3120
3140
3150
3180
3160
3200
3220
3240
3250
3280
3260
3300
3320
3340
3350
3380
3360
3400
3420
3440
3450
3480
3460
3500
3520
3540
3550
3580
3560
3600
3620
3640
3650
3680
3660
3700
3720
3740
3750
3780
3760
3800
3820
3840
3850
3880
3860
3900
3920
3940
3950
3980
3960
4000
4020
4040
4050
4080
4060
4100
4120
4140
4150
4180
4160
4200
4220
4240
4250
4280
4260
4300
4320
4340
4350
4380
4360
4400
4420
4440
4450
4480
4460
4500
4520
4540
4550
4580
4560
4600
4620
4640
4650
4680
4660
4700
4720
4740
4750
4780
4760
4800
4820
4840
4850
4880
4860
4900
4920
4940
4950
4980
4960
5000
150
200
120
180
250
300
100
220
170
280
90
320
140
260
190
230
110
270
130
210
160
240
350
80
310
340
290
330
360
70
380
400
370
390
420
410
440
430
460
450
480
470
500
490
520
510
540
530
560
550
580
570
600
590
620
610
640
630
660
650
680
670
700
690
720
710
740
730
760
750
780
770
800
790
820
810
840
830
860
850
880
870
900
890
920
910
940
930
960
950
980
970
1000
60
50
1050
1020
1080
1040
1100
1060
1120
1140
1150
1180
1160
1200
1220
1240
1250
1280
1260
1300
1320
1340
1350
1380
1360
1400
1420
1440
1450
1480
1460
1500
1520
1540
1550
1580
1560
1600
1620
1640
1650
1680
1660
1700
1720
1740
1750
1780
1760
1800
1820
1840
1850
1880
1860
1900
1920
1940
1950
1980
1960
2000
2020
2040
2050
2080
2060
2100
2120
2140
2150
2180
2160
2200
2220
2240
2250
2280
2260
2300
2320
2340
2350
2380
2360
2400
2420
2440
2450
2480
2460
2500
2520
2540
2550
2580
2560
2600
2620
2640
2650
2680
2660
2700
2720
2740
2750
2780
2760
2800
2820
2840
2850
2880
2860
2900
2920
2940
2950
2980
2960
3000
3020
3040
3050
3080
3060
3100
3120
3140
3150
3180
3160
3200
3220
3240
3250
3280
3260
3300
3320
3340
3350
3380
3360
3400
3420
3440
3450
3480
3460
3500
3520
3540
3550
3580
3560
3600
3620
3640
3650
3680
3660
3700
3720
3740
3750
3780
3760
3800
3820
3840
3850
3880
3860
3900
3920
3940
3950
3980
3960
4000
4020
4040
4050
4080
4060
4100
4120
4140
4150
4180
4160
4200
4220
4240
4250
4280
4260
4300
4320
4340
4350
4380
4360
4400
4420
4440
4450
4480
4460
4500
4520
4540
4550
4580
4560
4600
4620
4640
4650
4680
4660
4700
4720
4740
4750
4780
4760
4800
4820
4840
4850
4880
4860
4900
4920
4940
4950
4980
4960
5000
150
200
120
180
250
300
100
220
170
280
90
320
140
260
190
230
110
270
130
210
160
240
350
80
310
340
290
330
360
70
380
400
370
390
420
410
440
430
460
450
480
470
500
490
520
510
540
530
560
550
580
570
600
590
620
610
640
630
660
650
680
670
700
690
720
710
740
730
760
750
780
770
800
790
820
810
840
830
860
850
880
870
900
890
920
910
940
930
960
950
980
970
1000
60
50
1050
1020
1080
1040
1100
1060
1120
1140
1150
1180
1160
1200
1220
1240
1250
1280
1260
1300
1320
1340
1350
1380
1360
1400
1420
1440
1450
1480
1460
1500
1520
1540
1550
1580
1560
1600
1620
1640
1650
1680
1660
1700
1720
1740
1750
1780
1760
1800
1820
1840
1850
1880
1860
1900
1920
1940
1950
1980
1960
2000
2020
2040
2050
2080
2060
2100
2120
2140
2150
2180
2160
2200
2220
2240
2250
2280
2260
2300
2320
2340
2350
2380
2360
2400
2420
2440
2450
2480
2460
2500
2520
2540
2550
2580
2560
2600
2620
2640
2650
2680
2660
2700
2720
2740
2750
2780
2760
2800
2820
2840
2850
2880
2860
2900
2920
2940
2950
2980
2960
3000
3020
3040
3050
3080
3060
3100
3120
3140
3150
3180
3160
3200
3220
3240
3250
3280
3260
3300
3320
3340
3350
3380
3360
3400
3420
3440
3450
3480
3460
3500
3520
3540
3550
3580
3560
3600
3620
3640
3650
3680
3660
3700
3720
3740
3750
3780
3760
3800
3820
3840
3850
3880
3860
3900
3920
3940
3950
3980
3960
4000
4020
4040
4050
4080
4060
4100
4120
4140
4150
4180
4160
4200
4220
4240
4250
4280
4260
4300
4320
4340
4350
4380
4360
4400
4420
4440
4450
4480
4460
4500
4520
4540
4550
4580
4560
4600
4620
4640
4650
4680
4660
4700
4720
4740
4750
4780
4760
4800
4820
4840
4850
4880
4860
4900
4920
4940
4950
4980
4960
5000
150
200
120
180
250
300
100
220
170
280
90
320
140
260
190
230
110
270
130
210
160
240
350
80
310
340
290
330
360
70
380
400
370
390
420
410
440
430
460
450
480
470
500
490
520
510
540
530
560
550
580
570
600
590
620
610
640
630
660
650
680
670
700
690
720
710
740
730
760
750
780
770
800
790
820
810
840
830
860
850
880
870
900
890
920
910
940
930
960
950
980
970
1000
60
50
1050
1020
1080
1040
1100
1060
1120
1140
1150
1180
1160
1200
1220
1240
1250
1280
1260
1300
1320
1340
1350
1380
1360
1400
1420
1440
1450
1480
1460
1500
1520
1540
1550
1580
1560
1600
1620
1640
1650
1680
1660
1700
1720
1740
1750
1780
1760
1800
1820
1840
1850
1880
1860
1900
1920
1940
1950
1980
1960
2000
2020
2040
2050
2080
2060
2100
2120
2140
2150
2180
2160
2200
2220
2240
2250
2280
2260
2300
2320
2340
2350
2380
2360
2400
2420
2440
2450
2480
2460
2500
2520
2540
2550
2580
2560
2600
2620
2640
2650
2680
2660
2700
2720
2740
2750
2780
2760
2800
2820
2840
2850
2880
2860
2900
2920
2940
2950
2980
2960
3000
3020
3040
3050
3080
3060
3100
3120
3140
3150
3180
3160
3200
3220
3240
3250
3280
3260
3300
3320
3340
3350
3380
3360
3400
3420
3440
3450
3480
3460
3500
3520
3540
3550
3580
3560
3600
3620
3640
3650
3680
3660
3700
3720
3740
3750
3780
3760
3800
3820
3840
3850
3880
3860
3900
3920
3940
3950
3980
3960
4000
4020
4040
4050
4080
4060
4100
4120
4140
4150
4180
4160
4200
4220
4240
4250
4280
4260
4300
4320
4340
4350
4380
4360
4400
4420
4440
4450
4480
4460
4500
4520
4540
4550
4580
4560
4600
4620
4640
4650
4680
4660
4700
4720
4740
4750
4780
4760
4800
4820
4840
4850
4880
4860
4900
4920
4940
4950
4980
4960
5000
150
200
120
180
250
300
100
220
170
280
90
320
140
260
190
230
110
270
130
210
160
240
350
80
310
340
290
330
360
70
380
400
370
390
420
410
440
430
460
450
480
470
500
490
520
510
540
530
560
550
580
570
600
590
620
610
640
630
660
650
680
670
700
690
720
710
740
730
760
750
780
770
800
790
820
810
840
830
860
850
880
870
900
890
920
910
940
930
960
950
980
970
1000
60
50
1050
1020
1080
1040
1100
1060
1120
1140
1150
1180
1160
1200
1220
1240
1250
1280
1260
1300
1320
1340
1350
1380
1360
1400
1420
1440
1450
1480
1460
1500
1520
1540
1550
1580
1560
1600
1620
1640
1650
1680
1660
1700
1720
1740
1750
1780
1760
1800
1820
1840
1850
1880
1860
1900
1920
1940
1950
1980
1960
2000
2020
2040
2050
2080
2060
2100
2120
2140
2150
2180
2160
2200
2220
2240
2250
2280
2260
2300
2320
2340
2350
2380
2360
2400
2420
2440
2450
2480
2460
2500
2520
2540
2550
2580
2560
2600
2620
2640
2650
2680
2660
2700
2720
2740
2750
2780
2760
2800
2820
2840
2850
2880
2860
2900
2920
2940
2950
2980
2960
3000
3020
3040
3050
3080
3060
3100
3120
3140
3150
3180
3160
3200
3220
3240
3250
3280
3260
3300
3320
3340
3350
3380
3360
3400
3420
3440
3450
3480
3460
3500
3520
3540
3550
3580
3560
3600
3620
3640
3650
3680
3660
3700
3720
3740
3750
3780
3760
3800
3820
3840
3850
3880
3860
3900
3920
3940
3950
3980
3960
4000
4020
4040
4050
4080
4060
4100
4120
4140
4150
4180
4160
4200
4220
4240
4250
4280
4260
4300
4320
4340
4350
4380
4360
4400
4420
4440
4450
4480
4460
4500
4520
4540
4550
4580
4560
4600
4620
4640
4650
4680
4660
4700
4720
4740
4750
4780
4760
4800
4820
4840
4850
4880
4860
4900
4920
4940
4950
4980
4960
5000150
200
120
180
250
300
100
220
170
280
90
320
140
260
190
230
110
270
130
210
160
240
350
80
310
340
290
330
360
70
380
400
370
390
420
410
440
430
460
450
480
470
500
490
520
510
540
530
560
550
580
570
600
590
620
610
640
630
660
650
680
670
700
690
720
710
740
730
760
750
780
770
800
790
820
810
840
830
860
850
880
870
900
890
920
910
940
930
960
950
980
970
1000
60
50
1050
1020
1080
1040
1100
1060
1120
1140
1150
1180
1160
1200
1220
1240
1250
1280
1260
1300
1320
1340
1350
1380
1360
1400
1420
1440
1450
1480
1460
1500
1520
1540
1550
1580
1560
1600
1620
1640
1650
1680
1660
1700
1720
1740
1750
1780
1760
1800
1820
1840
1850
1880
1860
1900
1920
1940
1950
1980
1960
2000
2020
2040
2050
2080
2060
2100
2120
2140
2150
2180
2160
2200
2220
2240
2250
2280
2260
2300
2320
2340
2350
2380
2360
2400
2420
2440
2450
2480
2460
2500
2520
2540
2550
2580
2560
2600
2620
2640
2650
2680
2660
2700
2720
2740
2750
2780
2760
2800
2820
2840
2850
2880
2860
2900
2920
2940
2950
2980
2960
3000
3020
3040
3050
3080
3060
3100
3120
3140
3150
3180
3160
3200
3220
3240
3250
3280
3260
3300
3320
3340
3350
3380
3360
3400
3420
3440
3450
3480
3460
3500
3520
3540
3550
3580
3560
3600
3620
3640
3650
3680
3660
3700
3720
3740
3750
3780
3760
3800
3820
3840
3850
3880
3860
3900
3920
3940
3950
3980
3960
4000
4020
4040
4050
4080
4060
4100
4120
4140
4150
4180
4160
4200
4220
4240
4250
4280
4260
4300
4320
4340
4350
4380
4360
4400
4420
4440
4450
4480
4460
4500
4520
4540
4550
4580
4560
4600
4620
4640
4650
4680
4660
4700
4720
4740
4750
4780
4760
4800
4820
4840
4850
4880
4860
4900
4920
4940
4950
4980
4960
5000
150
200
120
180
250
300
100
220
170
280
90
320
140
260
190
230
110
270
130
210
160
240
350
80
310
340
290
330
360
70
380
400
370
390
420
410
440
430
460
450
480
470
500
490
520
510
540
530
560
550
580
570
600
590
620
610
640
630
660
650
680
670
700
690
720
710
740
730
760
750
780
770
800
790
820
810
840
830
860
850
880
870
900
890
920
910
940
930
960
950
980
970
1000
60
50
1050
1020
1080
1040
1100
1060
1120
1140
1150
1180
1160
1200
1220
1240
1250
1280
1260
1300
1320
1340
1350
1380
1360
1400
1420
1440
1450
1480
1460
1500
1520
1540
1550
1580
1560
1600
1620
1640
1650
1680
1660
1700
1720
1740
1750
1780
1760
1800
1820
1840
1850
1880
1860
1900
1920
1940
1950
1980
1960
2000
2020
2040
2050
2080
2060
2100
2120
2140
2150
2180
2160
2200
2220
2240
2250
2280
2260
2300
2320
2340
2350
2380
2360
2400
2420
2440
2450
2480
2460
2500
2520
2540
2550
2580
2560
2600
2620
2640
2650
2680
2660
2700
2720
2740
2750
2780
2760
2800
2820
2840
2850
2880
2860
2900
2920
2940
2950
2980
2960
3000
3020
3040
3050
3080
3060
3100
3120
3140
3150
3180
3160
3200
3220
3240
3250
3280
3260
3300
3320
3340
3350
3380
3360
3400
3420
3440
3450
3480
3460
3500
3520
3540
3550
3580
3560
3600
3620
3640
3650
3680
3660
3700
3720
3740
3750
3780
3760
3800
3820
3840
3850
3880
3860
3900
3920
3940
3950
3980
3960
4000
4020
4040
4050
4080
4060
4100
4120
4140
4150
4180
4160
4200
4220
4240
4250
4280
4260
4300
4320
4340
4350
4380
4360
4400
4420
4440
4450
4480
4460
4500
4520
4540
4550
4580
4560
4600
4620
4640
4650
4680
4660
4700
4720
4740
4750
4780
4760
4800
4820
4840
4850
4880
4860
4900
4920
4940
4950
4980
4960
5000
